270                                                                 
4                                                                   
10                                                                  
0                                                                   
0                                                                   
2                                                                   
3061                                                                
0                                                                   
12797                                                               
0                                                                   
20                                                                  
1                                                                   
0                                                                   
3                                                                   
0                                                                   
6                                                                   
1                                                                   
0                                                                   
0                                                                   
1                                                                   
1                                                                   
8230                                                                
96                                                                  
1                                                               
64                                                                  
2                                                                           
2                                                                           
-3                                                                          
-1                                                                          
2                                                                           
0                                                                           
0                                                                           
-4                                                                          
-5                                                                          
14                                                                          
3                                                                           
-21                                                                         
2                                                                           
12                                                                          
2                                                                           
5                                                                           
-34                                                                         
-7                                                                          
76                                                                          
-22                                                                         
-83                                                                         
46                                                                          
40                                                                          
1                                                                           
-2                                                                          
-142                                                                        
72                                                                          
287                                                                         
-278                                                                        
-304                                                                        
522                                                                         
133                                                                         
3458                                                                        
132                                                                         
518                                                                         
-300                                                                        
-272                                                                        
280                                                                         
70                                                                          
-137                                                                        
-2                                                                          
1                                                                           
38                                                                          
44                                                                          
-78                                                                         
-20                                                                         
70                                                                          
-6                                                                          
-31                                                                         
4                                                                           
2                                                                           
11                                                                          
2                                                                           
-18                                                                         
3                                                                           
12                                                                          
-4                                                                          
-4                                                                          
0                                                                           
0                                                                           
2                                                                           
-1                                                                          
-3                                                                          
2                                                                           
0                                                                   
0                                                                   
0                                                                   
0                                                                   
0                                                                   
0                                                                   
0                                                                   
0                                                                   
0                                                                   
0                                                                   
0                                                                   
0                                                                   
0                                                                   
0                                                                   
0                                                                   
0                                                                   
0                                                                   
0                                                                   
0                                                                   
0                                                                   
0                                                                   
0                                                                   
0                                                                   
0                                                                   
0                                                                   
0                                                                   
0                                                                   
0                                                                   
0                                                                   
0                                                                   
0                                                                   
0                                                                   
0                                                                   
0                                                                   
0                                                                   
0                                                                   
0                                                                   
0                                                                   
0                                                                   
0                                                                   
0                                                                   
0                                                                   
0                                                                   
0                                                                   
0                                                                   
0                                                                   
0                                                                   
0                                                                   
0                                                                   
0                                                                   
0                                                                   
0                                                                   
0                                                                   
0                                                                   
0                                                                   
0                                                                   
0                                                                   
0                                                                   
0                                                                   
0                                                                   
0                                                                   
0                                                                   
0                                                                   
0                                                                   
0                                                                   
0                                                                   
0                                                                   
0                                                                   
0                                                                   
0                                                                   
0                                                                   
0                                                                   
0                                                                   
0                                                                   
0                                                                   
0                                                                   
0                                                                   
0                                                                   
0                                                                   
0                                                                   
0                                                                   
0                                                                   
0                                                                   
0                                                                   
0                                                                   
0                                                                   
0                                                                   
0                                                                   
0                                                                   
0                                                                   
0                                                                   
0                                                                   
0                                                                   
0                                                                   
0                                                                   
0                                                                   
0                                                                   
0                                                                   
0                                                                   
0                                                                   
0                                                                   
0                                                                   
0                                                                   
0                                                                   
0                                                                   
0                                                                   
0                                                                   
0                                                                   
0                                                                   
0                                                                   
0                                                                   
0                                                                   
0                                                                   
0                                                                   
0                                                                   
0                                                                   
0                                                                   
0                                                                   
0                                                                   
0                                                                   
0                                                                   
0                                                                   
0                                                                   
0                                                                   
0                                                                   
0                                                                   
0                                                                   
0                                                                   
1                                                                   
5                                                                   
-96                                                                 
-75                                                                 
-66                                                                 
-9                                                                  
0                                                                   
-96                                                                 
-75                                                                 
-66                                                                 
-9                                                                  
0                                                                   
400                                                                 
50                                                                  
1                                                                   
-17                                                                 
0                                                                   
200                                                                 
0                                                                   
-78                                                                 
0                                                                   
0                                                                   
16384                                                               
512                                                                 
512                                                                 
25520                                                               
32685                                                               
0                                                                   
0                                                                   
1                                                                   
5                                                                   
-96                                                                 
-80                                                                 
-70                                                                 
-24                                                                 
0                                                                   
-96                                                                 
-96                                                                 
-70                                                                 
-24                                                                 
0                                                                   
50                                                                  
1000                                                                
0                                                                   
10                                                                  
800                                                                 
120                                                                 
-8                                                                 
-3                                                                 
2                                                                  
7                                                                  
12                                                                   
17                                                                   
