516              
4                
10               
0                
0                
2                
3061             
0                
12797            
0                
20               
1                
1                
3                
0                
1                
0                
1                
2                
0                
1                
0                
1                
783              
8192             
1                
1                
100              
1                
700              
1                
3500             
1                
223              
16               
8192             
2048             
0                
200              
8192             
4096             
128              
8192             
800              
1                
776              
385              
128              
128              
600              
20000            
16000            
1024             
256              
512              
768              
13000            
11000            
512              
128              
384              
512              
128              
32767            
0                
0                
15000            
512              
512              
768              
3277             
5827             
16384            
150              
32767            
256              
1280             
350              
400              
256              
256              
256              
256              
0                
8231             
8231             
8231             
8231             
-6               
9830             
50               
12288            
16384            
1                
16384            
32               
64               
64               
16800            
512              
6826             
6826             
6826             
6826             
6826             
6826             
6826             
6826             
6826             
6826             
6826             
6826             
6826             
6826             
6826             
0                
0                
5117             
1632             
0                
82               
74               
0                
0                
0                
90               
0                
0                
0                
0                
8192             
8192             
2048             
40               
2048             
4000             
32               
2048             
4000             
2                
100              
2048             
32               
1024             
800              
32               
1024             
800              
2                
100              
2048             
12288            
0                
16384            
32767            
60               
0                
29               
3840             
96               
96               
26213            
2048             
10               
16               
23062            
-11398           
-2622            
4704             
8698             
8807             
4494             
835              
481              
209              
6655             
7358             
-1669            
4806             
-598             
-880             
164              
16               
181              
32767            
281              
512              
256              
256              
600              
0                
281              
512              
256              
256              
6000             
3000             
128              
300              
480              
320              
280              
5000             
2000             
256              
32767            
0                
0                
32767            
128              
512              
16384            
8192             
256              
256              
256              
200              
4000             
8000             
0                
0                
0                
20               
20               
20               
5827             
5827             
5827             
5827             
5827             
5827             
9093             
512              
512              
2048             
5                
16384            
16384            
5827             
819              
0                
32767            
8192             
32767            
0                
16384            
16384            
80               
12               
300              
512              
768              
768              
32               
64               
20480            
64               
16800            
400              
6826             
6826             
6826             
6826             
6826             
6826             
6826             
6826             
6826             
6826             
6826             
6826             
6826             
6826             
6826             
6826             
6826             
6826             
6826             
6826             
6826             
6826             
6826             
6826             
6826             
6826             
6826             
6826             
6826             
6826             
6826             
6826             
6826             
6826             
6826             
0                
0                
16384            
512              
512              
25520            
32685            
23197            
9216             
1                
64               
0                
-2               
0                
3                
0                
-4               
0                
7                
0                
-10              
0                
15               
1                
-21              
-1               
29               
1                
-39              
-2               
52               
2                
-68              
-2               
92               
2                
-127             
-3               
188              
2                
-323             
-8               
996              
2534             
992              
-8               
-318             
2                
184              
-3               
-123             
2                
88               
-2               
-65              
2                
48               
-1               
-36              
1                
26               
-1               
-19              
0                
13               
0                
-9               
0                
6                
0                
-4               
0                
3                
0                
-2               
0                
0                
0                
0                
0                
0                
0                
0                
0                
0                
0                
0                
0                
0                
0                
0                
0                
0                
0                
0                
0                
0                
0                
0                
0                
0                
0                
0                
0                
0                
0                
0                
0                
0                
0                
0                
0                
0                
0                
0                
0                
0                
0                
0                
0                
0                
0                
0                
0                
0                
0                
0                
0                
0                
0                
0                
0                
0                
0                
0                
0                
0                
0                
0                
0                
0                
0                
0                
0                
0                
0                
0                
0                
0                
0                
0                
0                
0                
0                
0                
0                
0                
0                
0                
0                
0                
0                
0                
0                
0                
0                
0                
0                
0                
0                
0                
0                
0                
0                
0                
0                
0                
0                
0                
0                
0                
0                
0                
0                
0                
0                
0                
0                
0                
0                
0                
0                
0                
0                
0                
0                
0                
0                
0                
0                
0                
0                
0                
1                
5                
-80              
-70              
-65              
-24              
0                
-96              
-86              
-65              
-24              
0                
50               
1000             
1                
-13              
0                
-78              
13               
