S,1,1,0,1,1,1,1,1,1,2,0,0,0,1,-1,-1,-1
AH,1,100,0
AF,1,0,0,0,0,0,0,0,0,0,0,1,4,-5,1000,2000,0
AL,1,7,7,5,4,5,6,7,4,4,5,5,-9,-9,-12,-15,-13,-12,-10,-13,-12,-10,-10,100,100,100,100,100,100,100,100,100,100,100,500,500,500,500,500,500,500,500,500,500,500,1,2,-3,0,50000,6000,0,0
AMA,0,0,0,0,0,0,0,0,0,0,0,0,0,0,0,0,0,0,0,0,0,0,0,0,0,0,0,0,0,0,0,0,0,0,0,0,0,0,0,0,0,0,0,0,0,0,0,0,0,0,0,0,0
AMB,1,1,7,7,5,4,5,6,7,4,4,5,5,-9,-9,-12,-15,-13,-12,-10,-13,-12,-10,-10,100,100,100,100,100,100,100,100,100,100,100,500,500,500,500,500,500,500,500,500,500,500,1,2,-3,0,50000,6000,0
AMC,2,1,7,7,5,4,5,6,7,4,4,5,5,-9,-9,-12,-15,-13,-12,-10,-13,-12,-10,-10,100,100,100,100,100,100,100,100,100,100,100,500,500,500,500,500,500,500,500,500,500,500,1,2,-3,0,50000,6000,0
AMD,3,1,7,7,5,4,5,6,7,4,4,5,5,-9,-9,-12,-15,-13,-12,-10,-13,-12,-10,-10,100,100,100,100,100,100,100,100,100,100,100,500,500,500,500,500,500,500,500,500,500,500,1,2,-3,0,50000,6000,0
AME,4,1,7,7,5,4,5,6,7,4,4,5,5,-9,-9,-12,-15,-13,-12,-10,-13,-12,-10,-10,100,100,100,100,100,100,100,100,100,100,100,500,500,500,500,500,500,500,500,500,500,500,1,2,-3,0,50000,6000,0
AMF,5,1,7,7,5,4,5,6,7,4,4,5,5,-9,-9,-12,-15,-13,-12,-10,-13,-12,-10,-10,100,100,100,100,100,100,100,100,100,100,100,500,500,500,500,500,500,500,500,500,500,500,1,2,-3,0,50000,6000,0
AMG,6,1,7,7,5,4,5,6,7,4,4,5,5,-9,-9,-12,-15,-13,-12,-10,-13,-12,-10,-10,100,100,100,100,100,100,100,100,100,100,100,500,500,500,500,500,500,500,500,500,500,500,1,2,-3,0,50000,6000,0
AMH,7,1,7,7,5,4,5,6,7,4,4,5,5,-9,-9,-12,-15,-13,-12,-10,-13,-12,-10,-10,100,100,100,100,100,100,100,100,100,100,100,500,500,500,500,500,500,500,500,500,500,500,1,2,-3,0,50000,6000,0
AMI,8,1,7,7,5,4,5,6,7,4,4,5,5,-9,-9,-12,-15,-13,-12,-10,-13,-12,-10,-10,100,100,100,100,100,100,100,100,100,100,100,500,500,500,500,500,500,500,500,500,500,500,1,2,-3,0,50000,6000,0
AMJ,9,1,7,7,5,4,5,6,7,4,4,5,5,-9,-9,-12,-15,-13,-12,-10,-13,-12,-10,-10,100,100,100,100,100,100,100,100,100,100,100,500,500,500,500,500,500,500,500,500,500,500,1,2,-3,0,50000,6000,0
AMK,10,1,7,7,5,4,5,6,7,4,4,5,5,-9,-9,-12,-15,-13,-12,-10,-13,-12,-10,-10,100,100,100,100,100,100,100,100,100,100,100,500,500,500,500,500,500,500,500,500,500,500,1,2,-3,0,50000,6000,0
AML,11,1,7,7,5,4,5,6,7,4,4,5,5,-9,-9,-12,-15,-13,-12,-10,-13,-12,-10,-10,100,100,100,100,100,100,100,100,100,100,100,500,500,500,500,500,500,500,500,500,500,500,1,2,-3,0,50000,6000,0
AMM,12,1,7,7,5,4,5,6,7,4,4,5,5,-9,-9,-12,-15,-13,-12,-10,-13,-12,-10,-10,100,100,100,100,100,100,100,100,100,100,100,500,500,500,500,500,500,500,500,500,500,500,1,2,-3,0,50000,6000,0
AMN,13,1,7,7,5,4,5,6,7,4,4,5,5,-9,-9,-12,-15,-13,-12,-10,-13,-12,-10,-10,100,100,100,100,100,100,100,100,100,100,100,500,500,500,500,500,500,500,500,500,500,500,1,2,-3,0,50000,6000,0
AMO,14,1,7,7,5,4,5,6,7,4,4,5,5,-9,-9,-12,-15,-13,-12,-10,-13,-12,-10,-10,100,100,100,100,100,100,100,100,100,100,100,500,500,500,500,500,500,500,500,500,500,500,1,2,-3,0,50000,6000,0
AMP,15,1,7,7,5,4,5,6,7,4,4,5,5,-9,-9,-12,-15,-13,-12,-10,-13,-12,-10,-10,100,100,100,100,100,100,100,100,100,100,100,500,500,500,500,500,500,500,500,500,500,500,1,2,-3,0,50000,6000,0
AAA,1000816388,-1631496312,883073283,1631496312,-810147847,-7,995804597,-1570894351,869969615,1570894351,-792032388,-7,975599518,-1267659721,817142053,1267659721,-718999747,-7,957845259,-864283793,770722329,864283793,-654825764,-7,953307672,-715291643,758858496,715291643,-638424344,-7,943836275,0,734094880,0,-604189331,-7,1073741824,-2147483648,1073741824,2147483647,-1073741824,-7
AAB,1060270878,-1877549705,994963145,1877549705,-981492199,-3,1059211066,-1838786114,988765320,1838786114,-974234562,-3,1054639878,-1631522476,962032810,1631522476,-942930864,-3,1049973650,-1328035663,934744507,1328035663,-910976333,-3,1048576648,-1209360895,926574776,1209360895,-901409600,-3,1043955579,-600576426,899550565,600576426,-869764320,-3,1054639878,1631522477,962032810,-1631522477,-942930864,-3
AAC,1062750320,-1962241252,1009463028,1962241252,-998471523,-3,1061853311,-1936388129,1004217283,1936388129,-992328770,-3,1057881922,-1798126641,980992425,1798126641,-965132523,-3,1053557820,-1594055281,955704889,1594055281,-935520885,-3,1052172295,-1513447056,947602277,1513447056,-926032748,-3,1046807949,-1090606198,916231347,1090606198,-889297472,-3,1044097481,744119475,900380415,-744119475,-870736072,-3
AAD,1065707633,-1769655998,1026757524,1769655998,-1018723333,-3,1065101191,-1708509279,1023211028,1708509279,-1014570395,-3,1062601616,-1375796337,1008593400,1375796337,-997453191,-3,1060388894,-885148983,995653309,885148983,-982300380,-3,1059847109,-695065122,992484926,695065122,-978590211,-3,1059112725,240634659,988190214,-240634659,-973561115,-3,1077391010,2112447820,1095082424,-2112447820,-1098731610,-3
AAE,1065878394,-1644166650,1027756145,1644166650,-1019892716,-3,1065318985,-1561960221,1024484696,1561960221,-1016061857,-3,1063140201,-1118649086,1011743070,1118649086,-1001141447,-3,1061565485,-481854469,1002534064,481854469,-990357725,-3,1061316184,-241861084,1001076142,241861084,-988650502,-3,1062340513,866377380,1007066459,-866377380,-995665148,-3,1083971720,1440176002,1133566704,-1440176002,-1143796601,-3
AAF,0,0,0,0,0,0,0,0,0,0,0,0,0,0,0,0,0,0,0,0,0,0,0,0,0,0,0,0,0,0,0,0,0,0,0,0,0,0,0,0,0,0
AAG,0,0,0,0,0,0,0,0,0,0,0,0,0,0,0,0,0,0,0,0,0,0,0,0,0,0,0,0,0,0,0,0,0,0,0,0,0,0,0,0,0,0
AAH,0,0,0,0,0,0,0,0,0,0,0,0,0,0,0,0,0,0,0,0,0,0,0,0,0,0,0,0,0,0,0,0,0,0,0,0,0,0,0,0,0,0
AAM,1,1,1,1,1,0,0,0
AAU,1
ABA,4000,1000,-7
ABB,3200,500,-3
ABC,2500,400,-3
ABD,4300,300,-3
ABE,5100,300,-3
ABF,700,200,-1
ABG,700,200,-1
ABH,700,200,-1
ACA,917407282,-1632668117,849779955,1632668117,-693445413,-15,906856301,-1584845367,834664821,1584845367,-667779299,-15,863592170,-1360515123,772685456,1360515123,-562535803,-15,822579956,-1086478124,713932143,1086478124,-462770275,-15,810766680,-989594889,697008671,989594889,-434033528,-15,771908603,-540827336,641341334,540827336,-339508113,-15,822579956,1086478125,713932143,-1086478125,-462770275,-15
ACB,793648015,-867918070,632063322,867918070,-351969513,-13,782920551,-758516455,615147239,758516455,-324325966,-13,752947696,-257681323,567883197,257681323,-247089069,-13,755954554,343861613,572624696,-343861613,-254837426,-13,767274407,558424785,590474914,-558424785,-284007497,-13,910178709,1594614861,815819980,-1594614861,-652256864,-13,1758947120,-2147483648,-2140728729,2147483647,1455523433,-13
ACC,314511372,629022744,314511372,0,-184303664,-99,359495321,718990642,359495321,-174896362,-189343098,-99,611028074,1222056147,611028074,-1012384461,-357986010,-99,1073741824,-2147483648,1073741824,2147483647,-1073741824,-99,1306492972,-1681981351,1306492972,1733060216,-1590322985,-99,1832323932,-630319433,1832323932,0,-1960586606,-99,1073741824,-2147483648,1073741824,2147483647,-1073741824,-99
ACD,1047199540,-2029880664,993862276,2029880664,-967319992,-6,1044987514,-2019006225,987205140,2019006225,-958450831,-6,1034973391,-1967515493,957067431,1967515493,-918298998,-6,1023414767,-1903178150,922281516,1903178150,-871954459,-6,1019481605,-1879997323,910444583,1879997323,-856184364,-6,1002209823,-1769606727,858464803,1769606727,-786932802,-6,952310250,-1343454645,708291017,1343454645,-586859443,-6
ACE,1058939180,-2117878360,1058939180,2117674220,-1044340677,-9999,1057639962,-2115279922,1057639962,2115038373,-1041779649,-9999,1051614522,-2103229043,1051614522,2102772868,-1029943395,-9999,1044340481,-2088680962,1044340481,2087875502,-1015744598,-9999,1041779401,-2083558801,1041779401,2082606875,-1010768903,-9999,1029942755,-2059885510,1029942755,2058097637,-987931559,-9999,987924963,-1975849925,987924963,1968978265,-908979762,-9999
ACF,0,0,0,0,0,0,0,0,0,0,0,0,0,0,0,0,0,0,0,0,0,0,0,0,0,0,0,0,0,0,0,0,0,0,0,0,0,0,0,0,0,0
ACG,0,0,0,0,0,0,0,0,0,0,0,0,0,0,0,0,0,0,0,0,0,0,0,0,0,0,0,0,0,0,0,0,0,0,0,0,0,0,0,0,0,0
ACH,0,0,0,0,0,0,0,0,0,0,0,0,0,0,0,0,0,0,0,0,0,0,0,0,0,0,0,0,0,0,0,0,0,0,0,0,0,0,0,0,0,0
ACM,1,1,1,1,1,0,0,0
ACU,1
ADA,3000,600,-15
ADB,7000,2000,-13
ADC,12000,800,-99
ADD,800,400,-6
ADE,150,200,-9999
ADF,700,200,-1
ADG,700,200,-1
ADH,700,200,-1
BH,0,100,0
BF,0,0,0,0,0,0,0,0,0,0,0,0,4,-5,1000,2000,0
BL,0,18,7,2,2,3,1,1,2,2,2,2,-11,-14,-22,-22,-20,-13,-12,-12,-12,-12,-12,100,100,100,100,100,100,100,100,100,100,100,500,500,500,500,500,500,500,500,500,500,500,0,2,-3,0,50000,6000,0,0
BMA,0,0,0,0,0,0,0,0,0,0,0,0,0,0,0,0,0,0,0,0,0,0,0,0,0,0,0,0,0,0,0,0,0,0,0,0,0,0,0,0,0,0,0,0,0,0,0,0,0,0,0,0,0
BMB,1,1,0,0,0,0,0,0,0,0,0,0,0,0,0,0,0,0,0,0,0,0,0,0,100,100,100,100,100,100,100,100,100,100,100,500,500,500,500,500,500,500,500,500,500,500,1,0,0,0,50000,6000,0
BMC,2,1,2,1,1,1,1,1,1,1,1,1,1,-2,-2,-2,-2,-2,-2,-2,-2,-2,-2,-2,100,100,100,100,100,100,100,100,100,100,100,500,500,500,500,500,500,500,500,500,500,500,1,0,0,0,50000,6000,0
BMD,3,1,5,3,3,2,2,1,1,3,3,3,3,-3,-3,-4,-4,-4,-3,-3,-3,-3,-3,-3,100,100,100,100,100,100,100,100,100,100,100,500,500,500,500,500,500,500,500,500,500,500,1,0,0,0,50000,6000,0
BME,4,1,8,5,4,2,2,1,1,4,4,4,4,-4,-4,-7,-7,-7,-4,-4,-4,-4,-4,-4,100,100,100,100,100,100,100,100,100,100,100,500,500,500,500,500,500,500,500,500,500,500,1,1,-1,0,50000,6000,0
BMF,5,1,10,6,4,2,2,1,1,5,5,5,5,-5,-6,-10,-10,-10,-5,-5,-5,-5,-5,-5,100,100,100,100,100,100,100,100,100,100,100,500,500,500,500,500,500,500,500,500,500,500,1,1,-1,0,50000,6000,0
BMG,6,1,12,7,5,2,2,1,1,5,5,6,6,-6,-8,-13,-13,-13,-6,-6,-6,-6,-6,-6,100,100,100,100,100,100,100,100,100,100,100,500,500,500,500,500,500,500,500,500,500,500,1,1,-2,0,50000,6000,0
BMH,7,1,16,8,5,3,3,1,1,6,6,7,7,-8,-10,-16,-16,-16,-8,-8,-8,-8,-8,-8,100,100,100,100,100,100,100,100,100,100,100,500,500,500,500,500,500,500,500,500,500,500,1,2,-3,0,50000,6000,0
BMI,8,1,18,9,6,3,3,1,1,6,7,8,8,-10,-12,-19,-19,-18,-10,-10,-10,-10,-10,-10,100,100,100,100,100,100,100,100,100,100,100,500,500,500,500,500,500,500,500,500,500,500,1,2,-3,0,50000,6000,0
BMJ,9,1,21,10,6,3,3,1,1,7,8,9,9,-11,-14,-22,-22,-20,-13,-12,-12,-12,-12,-12,100,100,100,100,100,100,100,100,100,100,100,500,500,500,500,500,500,500,500,500,500,500,1,2,-3,0,50000,6000,0
BMK,10,1,21,10,6,3,3,1,1,7,8,9,9,-11,-14,-22,-22,-20,-13,-12,-12,-12,-12,-12,100,100,100,100,100,100,100,100,100,100,100,500,500,500,500,500,500,500,500,500,500,500,1,2,-3,0,50000,6000,0
BML,11,1,21,10,6,3,3,1,1,7,8,8,8,-11,-14,-22,-22,-20,-13,-12,-12,-12,-12,-12,100,100,100,100,100,100,100,100,100,100,100,500,500,500,500,500,500,500,500,500,500,500,1,2,-3,0,50000,6000,0
BMM,12,1,20,9,5,2,3,1,1,6,6,6,6,-11,-14,-22,-22,-20,-13,-12,-12,-12,-12,-12,100,100,100,100,100,100,100,100,100,100,100,500,500,500,500,500,500,500,500,500,500,500,1,2,-3,0,50000,6000,0
BMN,13,1,20,9,5,2,3,1,1,5,5,5,5,-11,-14,-22,-22,-20,-13,-12,-12,-12,-12,-12,100,100,100,100,100,100,100,100,100,100,100,500,500,500,500,500,500,500,500,500,500,500,1,2,-3,0,50000,6000,0
BMO,14,1,20,9,5,2,3,1,1,4,4,4,4,-11,-14,-22,-22,-20,-13,-12,-12,-12,-12,-12,100,100,100,100,100,100,100,100,100,100,100,500,500,500,500,500,500,500,500,500,500,500,1,2,-3,0,50000,6000,0
BMP,15,1,18,7,2,2,3,1,1,2,2,2,2,-11,-14,-22,-22,-20,-13,-12,-12,-12,-12,-12,100,100,100,100,100,100,100,100,100,100,100,500,500,500,500,500,500,500,500,500,500,500,1,2,-3,0,50000,6000,0
BAA,0,0,0,0,0,0,0,0,0,0,0,0,0,0,0,0,0,0,0,0,0,0,0,0,0,0,0,0,0,0,0,0,0,0,0,0,0,0,0,0,0,0
BAB,0,0,0,0,0,0,0,0,0,0,0,0,0,0,0,0,0,0,0,0,0,0,0,0,0,0,0,0,0,0,0,0,0,0,0,0,0,0,0,0,0,0
BAC,0,0,0,0,0,0,0,0,0,0,0,0,0,0,0,0,0,0,0,0,0,0,0,0,0,0,0,0,0,0,0,0,0,0,0,0,0,0,0,0,0,0
BAD,0,0,0,0,0,0,0,0,0,0,0,0,0,0,0,0,0,0,0,0,0,0,0,0,0,0,0,0,0,0,0,0,0,0,0,0,0,0,0,0,0,0
BAE,0,0,0,0,0,0,0,0,0,0,0,0,0,0,0,0,0,0,0,0,0,0,0,0,0,0,0,0,0,0,0,0,0,0,0,0,0,0,0,0,0,0
BAF,0,0,0,0,0,0,0,0,0,0,0,0,0,0,0,0,0,0,0,0,0,0,0,0,0,0,0,0,0,0,0,0,0,0,0,0,0,0,0,0,0,0
BAG,0,0,0,0,0,0,0,0,0,0,0,0,0,0,0,0,0,0,0,0,0,0,0,0,0,0,0,0,0,0,0,0,0,0,0,0,0,0,0,0,0,0
BAH,0,0,0,0,0,0,0,0,0,0,0,0,0,0,0,0,0,0,0,0,0,0,0,0,0,0,0,0,0,0,0,0,0,0,0,0,0,0,0,0,0,0
BAM,0,0,0,0,0,0,0,0
BAU,0
BBA,3000,600,-15
BBB,7000,2000,-13
BBC,12000,200,-99
BBD,800,400,-6
BBE,150,200,-9999
BBF,700,200,-1
BBG,700,200,-1
BBH,700,200,-1
BCA,0,0,0,0,0,0,0,0,0,0,0,0,0,0,0,0,0,0,0,0,0,0,0,0,0,0,0,0,0,0,0,0,0,0,0,0,0,0,0,0,0,0
BCB,0,0,0,0,0,0,0,0,0,0,0,0,0,0,0,0,0,0,0,0,0,0,0,0,0,0,0,0,0,0,0,0,0,0,0,0,0,0,0,0,0,0
BCC,0,0,0,0,0,0,0,0,0,0,0,0,0,0,0,0,0,0,0,0,0,0,0,0,0,0,0,0,0,0,0,0,0,0,0,0,0,0,0,0,0,0
BCD,0,0,0,0,0,0,0,0,0,0,0,0,0,0,0,0,0,0,0,0,0,0,0,0,0,0,0,0,0,0,0,0,0,0,0,0,0,0,0,0,0,0
BCE,0,0,0,0,0,0,0,0,0,0,0,0,0,0,0,0,0,0,0,0,0,0,0,0,0,0,0,0,0,0,0,0,0,0,0,0,0,0,0,0,0,0
BCF,0,0,0,0,0,0,0,0,0,0,0,0,0,0,0,0,0,0,0,0,0,0,0,0,0,0,0,0,0,0,0,0,0,0,0,0,0,0,0,0,0,0
BCG,0,0,0,0,0,0,0,0,0,0,0,0,0,0,0,0,0,0,0,0,0,0,0,0,0,0,0,0,0,0,0,0,0,0,0,0,0,0,0,0,0,0
BCH,0,0,0,0,0,0,0,0,0,0,0,0,0,0,0,0,0,0,0,0,0,0,0,0,0,0,0,0,0,0,0,0,0,0,0,0,0,0,0,0,0,0
BCM,0,0,0,0,0,0,0,0
BCU,0
BDA,3000,600,-15
BDB,7000,2000,-13
BDC,12000,200,-99
BDD,800,400,-6
BDE,150,200,-9999
BDF,700,200,-1
BDG,700,200,-1
BDH,700,200,-1
CH,0,200,0
CF,0,0,0,0,0,0,0,0,0,0,0,0,4,-5,1000,2000,0
CL,0,5,16,15,12,13,12,8,12,12,10,6,-5,-5,-10,-17,-15,-8,-8,-8,-5,-5,-5,100,100,100,100,100,100,100,100,100,100,100,500,500,500,500,500,500,500,500,500,500,500,0,0,0,0,50000,6000,0,0
CMA,0,0,0,0,0,0,0,0,0,0,0,0,0,0,0,0,0,0,0,0,0,0,0,0,0,0,0,0,0,0,0,0,0,0,0,0,0,0,0,0,0,0,0,0,0,0,0,0,0,0,0,0,0
CMB,1,1,1,1,1,1,1,1,1,1,1,1,1,-1,-1,-1,-1,-1,-1,-1,-1,-1,-1,-1,100,100,100,100,100,100,100,100,100,100,100,500,500,500,500,500,500,500,500,500,500,500,1,0,0,0,50000,6000,0
CMC,2,1,2,3,2,1,1,1,1,2,2,2,2,-2,-2,-2,-3,-3,-2,-2,-2,-2,-2,-2,100,100,100,100,100,100,100,100,100,100,100,500,500,500,500,500,500,500,500,500,500,500,1,0,0,0,50000,6000,0
CMD,3,1,3,3,2,2,2,1,2,4,4,4,4,-3,-3,-3,-6,-6,-3,-3,-3,-3,-3,-3,100,100,100,100,100,100,100,100,100,100,100,500,500,500,500,500,500,500,500,500,500,500,1,0,0,0,50000,6000,0
CME,4,1,3,6,4,2,2,1,2,5,6,6,6,-4,-4,-3,-8,-8,-4,-4,-4,-4,-4,-4,100,100,100,100,100,100,100,100,100,100,100,500,500,500,500,500,500,500,500,500,500,500,1,0,0,0,50000,6000,0
CMF,5,1,4,9,6,2,2,2,3,6,8,8,8,-4,-4,-4,-10,-10,-5,-6,-5,-5,-5,-5,100,100,100,100,100,100,100,100,100,100,100,500,500,500,500,500,500,500,500,500,500,500,1,0,0,0,50000,6000,0
CMG,6,1,4,13,7,2,3,2,3,7,9,9,8,-4,-4,-5,-13,-12,-5,-7,-5,-5,-5,-5,100,100,100,100,100,100,100,100,100,100,100,500,500,500,500,500,500,500,500,500,500,500,1,0,0,0,50000,6000,0
CMH,7,1,5,17,10,2,3,3,4,8,11,10,9,-4,-4,-6,-15,-14,-6,-8,-7,-5,-5,-5,100,100,100,100,100,100,100,100,100,100,100,500,500,500,500,500,500,500,500,500,500,500,1,0,0,0,50000,6000,0
CMI,8,1,6,20,10,2,3,3,4,9,13,13,10,-4,-4,-7,-17,-16,-8,-11,-8,-6,-5,-5,100,100,100,100,100,100,100,100,100,100,100,500,500,500,500,500,500,500,500,500,500,500,1,0,0,0,50000,6000,0
CMJ,9,1,7,23,11,2,3,5,5,12,16,15,11,-4,-4,-8,-19,-17,-8,-13,-11,-8,-7,-7,100,100,100,100,100,100,100,100,100,100,100,500,500,500,500,500,500,500,500,500,500,500,1,0,0,0,50000,6000,0
CMK,10,1,7,23,12,2,4,6,5,12,16,15,11,-4,-4,-8,-19,-17,-8,-13,-11,-8,-7,-7,100,100,100,100,100,100,100,100,100,100,100,500,500,500,500,500,500,500,500,500,500,500,1,0,0,0,50000,6000,0
CML,11,1,7,23,13,3,5,7,5,12,16,15,11,-4,-4,-8,-19,-17,-8,-13,-11,-8,-7,-7,100,100,100,100,100,100,100,100,100,100,100,500,500,500,500,500,500,500,500,500,500,500,1,0,0,0,50000,6000,0
CMM,12,1,6,23,14,4,6,8,5,12,16,15,11,-4,-4,-8,-19,-17,-8,-13,-11,-8,-7,-7,100,100,100,100,100,100,100,100,100,100,100,500,500,500,500,500,500,500,500,500,500,500,1,0,0,0,50000,6000,0
CMN,13,1,5,23,14,5,7,9,5,12,16,15,11,-4,-4,-8,-19,-17,-8,-13,-11,-8,-7,-7,100,100,100,100,100,100,100,100,100,100,100,500,500,500,500,500,500,500,500,500,500,500,1,0,0,0,50000,6000,0
CMO,14,1,3,23,15,6,8,10,5,10,13,13,9,-4,-4,-8,-19,-17,-8,-13,-11,-8,-7,-7,100,100,100,100,100,100,100,100,100,100,100,500,500,500,500,500,500,500,500,500,500,500,1,0,0,0,50000,6000,0
CMP,15,1,-1,13,13,5,9,12,5,7,10,6,-1,-4,-10,-10,-20,-19,-8,-13,-11,-8,-7,-7,100,100,100,100,100,100,100,100,100,100,100,500,500,500,500,500,500,500,500,500,500,500,1,0,0,0,50000,6000,0
CAA,0,0,0,0,0,0,0,0,0,0,0,0,0,0,0,0,0,0,0,0,0,0,0,0,0,0,0,0,0,0,0,0,0,0,0,0,0,0,0,0,0,0
CAB,0,0,0,0,0,0,0,0,0,0,0,0,0,0,0,0,0,0,0,0,0,0,0,0,0,0,0,0,0,0,0,0,0,0,0,0,0,0,0,0,0,0
CAC,0,0,0,0,0,0,0,0,0,0,0,0,0,0,0,0,0,0,0,0,0,0,0,0,0,0,0,0,0,0,0,0,0,0,0,0,0,0,0,0,0,0
CAD,0,0,0,0,0,0,0,0,0,0,0,0,0,0,0,0,0,0,0,0,0,0,0,0,0,0,0,0,0,0,0,0,0,0,0,0,0,0,0,0,0,0
CAE,0,0,0,0,0,0,0,0,0,0,0,0,0,0,0,0,0,0,0,0,0,0,0,0,0,0,0,0,0,0,0,0,0,0,0,0,0,0,0,0,0,0
CAF,0,0,0,0,0,0,0,0,0,0,0,0,0,0,0,0,0,0,0,0,0,0,0,0,0,0,0,0,0,0,0,0,0,0,0,0,0,0,0,0,0,0
CAG,0,0,0,0,0,0,0,0,0,0,0,0,0,0,0,0,0,0,0,0,0,0,0,0,0,0,0,0,0,0,0,0,0,0,0,0,0,0,0,0,0,0
CAH,0,0,0,0,0,0,0,0,0,0,0,0,0,0,0,0,0,0,0,0,0,0,0,0,0,0,0,0,0,0,0,0,0,0,0,0,0,0,0,0,0,0
CAM,0,0,0,0,0,0,0,0
CAU,0
CBA,700,200,-1
CBB,700,200,-1
CBC,700,200,-1
CBD,700,200,-1
CBE,700,200,-1
CBF,700,200,-1
CBG,700,200,-1
CBH,700,200,-1
CCA,0,0,0,0,0,0,0,0,0,0,0,0,0,0,0,0,0,0,0,0,0,0,0,0,0,0,0,0,0,0,0,0,0,0,0,0,0,0,0,0,0,0
CCB,0,0,0,0,0,0,0,0,0,0,0,0,0,0,0,0,0,0,0,0,0,0,0,0,0,0,0,0,0,0,0,0,0,0,0,0,0,0,0,0,0,0
CCC,0,0,0,0,0,0,0,0,0,0,0,0,0,0,0,0,0,0,0,0,0,0,0,0,0,0,0,0,0,0,0,0,0,0,0,0,0,0,0,0,0,0
CCD,0,0,0,0,0,0,0,0,0,0,0,0,0,0,0,0,0,0,0,0,0,0,0,0,0,0,0,0,0,0,0,0,0,0,0,0,0,0,0,0,0,0
CCE,0,0,0,0,0,0,0,0,0,0,0,0,0,0,0,0,0,0,0,0,0,0,0,0,0,0,0,0,0,0,0,0,0,0,0,0,0,0,0,0,0,0
CCF,0,0,0,0,0,0,0,0,0,0,0,0,0,0,0,0,0,0,0,0,0,0,0,0,0,0,0,0,0,0,0,0,0,0,0,0,0,0,0,0,0,0
CCG,0,0,0,0,0,0,0,0,0,0,0,0,0,0,0,0,0,0,0,0,0,0,0,0,0,0,0,0,0,0,0,0,0,0,0,0,0,0,0,0,0,0
CCH,0,0,0,0,0,0,0,0,0,0,0,0,0,0,0,0,0,0,0,0,0,0,0,0,0,0,0,0,0,0,0,0,0,0,0,0,0,0,0,0,0,0
CCM,0,0,0,0,0,0,0,0
CCU,0
CDA,700,200,-1
CDB,700,200,-1
CDC,700,200,-1
CDD,700,200,-1
CDE,700,200,-1
CDF,700,200,-1
CDG,700,200,-1
CDH,700,200,-1
DH,0,200,0
DF,0,0,0,0,0,0,0,0,0,0,0,0,4,-5,1000,2000,0
DL,0,5,16,15,12,13,12,8,12,12,10,6,-5,-5,-10,-17,-15,-8,-8,-8,-5,-5,-5,100,100,100,100,100,100,100,100,100,100,100,500,500,500,500,500,500,500,500,500,500,500,0,0,0,0,50000,6000,0,0
DMA,0,0,0,0,0,0,0,0,0,0,0,0,0,0,0,0,0,0,0,0,0,0,0,0,0,0,0,0,0,0,0,0,0,0,0,0,0,0,0,0,0,0,0,0,0,0,0,0,0,0,0,0,0
DMB,1,1,1,1,1,1,1,1,1,1,1,1,1,-1,-1,-1,-1,-1,-1,-1,-1,-1,-1,-1,100,100,100,100,100,100,100,100,100,100,100,500,500,500,500,500,500,500,500,500,500,500,1,0,0,0,50000,6000,0
DMC,2,1,2,3,2,1,1,1,1,2,2,2,2,-2,-2,-2,-3,-3,-2,-2,-2,-2,-2,-2,100,100,100,100,100,100,100,100,100,100,100,500,500,500,500,500,500,500,500,500,500,500,1,0,0,0,50000,6000,0
DMD,3,1,3,3,2,2,2,1,2,4,4,4,4,-3,-3,-3,-6,-6,-3,-3,-3,-3,-3,-3,100,100,100,100,100,100,100,100,100,100,100,500,500,500,500,500,500,500,500,500,500,500,1,0,0,0,50000,6000,0
DME,4,1,3,6,4,2,2,1,2,5,6,6,6,-4,-4,-3,-8,-8,-4,-4,-4,-4,-4,-4,100,100,100,100,100,100,100,100,100,100,100,500,500,500,500,500,500,500,500,500,500,500,1,0,0,0,50000,6000,0
DMF,5,1,4,9,6,2,2,2,3,6,8,8,8,-4,-4,-4,-10,-10,-5,-6,-5,-5,-5,-5,100,100,100,100,100,100,100,100,100,100,100,500,500,500,500,500,500,500,500,500,500,500,1,0,0,0,50000,6000,0
DMG,6,1,4,13,7,2,3,2,3,7,9,9,8,-4,-4,-5,-13,-12,-5,-7,-5,-5,-5,-5,100,100,100,100,100,100,100,100,100,100,100,500,500,500,500,500,500,500,500,500,500,500,1,0,0,0,50000,6000,0
DMH,7,1,5,17,10,2,3,3,4,8,11,10,9,-4,-4,-6,-15,-14,-6,-8,-7,-5,-5,-5,100,100,100,100,100,100,100,100,100,100,100,500,500,500,500,500,500,500,500,500,500,500,1,0,0,0,50000,6000,0
DMI,8,1,6,20,10,2,3,3,4,9,13,13,10,-4,-4,-7,-17,-16,-8,-11,-8,-6,-5,-5,100,100,100,100,100,100,100,100,100,100,100,500,500,500,500,500,500,500,500,500,500,500,1,0,0,0,50000,6000,0
DMJ,9,1,7,23,11,2,3,5,5,12,16,15,11,-4,-4,-8,-19,-17,-8,-13,-11,-8,-7,-7,100,100,100,100,100,100,100,100,100,100,100,500,500,500,500,500,500,500,500,500,500,500,1,0,0,0,50000,6000,0
DMK,10,1,7,23,12,2,4,6,5,12,16,15,11,-4,-4,-8,-19,-17,-8,-13,-11,-8,-7,-7,100,100,100,100,100,100,100,100,100,100,100,500,500,500,500,500,500,500,500,500,500,500,1,0,0,0,50000,6000,0
DML,11,1,7,23,13,3,5,7,5,12,16,15,11,-4,-4,-8,-19,-17,-8,-13,-11,-8,-7,-7,100,100,100,100,100,100,100,100,100,100,100,500,500,500,500,500,500,500,500,500,500,500,1,0,0,0,50000,6000,0
DMM,12,1,6,23,14,4,6,8,5,12,16,15,11,-4,-4,-8,-19,-17,-8,-13,-11,-8,-7,-7,100,100,100,100,100,100,100,100,100,100,100,500,500,500,500,500,500,500,500,500,500,500,1,0,0,0,50000,6000,0
DMN,13,1,5,23,14,5,7,9,5,12,16,15,11,-4,-4,-8,-19,-17,-8,-13,-11,-8,-7,-7,100,100,100,100,100,100,100,100,100,100,100,500,500,500,500,500,500,500,500,500,500,500,1,0,0,0,50000,6000,0
DMO,14,1,3,23,15,6,8,10,5,10,13,13,9,-4,-4,-8,-19,-17,-8,-13,-11,-8,-7,-7,100,100,100,100,100,100,100,100,100,100,100,500,500,500,500,500,500,500,500,500,500,500,1,0,0,0,50000,6000,0
DMP,15,1,-1,18,17,8,11,12,5,7,10,10,6,-4,-4,-8,-19,-19,-8,-13,-11,-8,-7,-7,100,100,100,100,100,100,100,100,100,100,100,500,500,500,500,500,500,500,500,500,500,500,1,0,0,0,50000,6000,0
DAA,0,0,0,0,0,0,0,0,0,0,0,0,0,0,0,0,0,0,0,0,0,0,0,0,0,0,0,0,0,0,0,0,0,0,0,0,0,0,0,0,0,0
DAB,0,0,0,0,0,0,0,0,0,0,0,0,0,0,0,0,0,0,0,0,0,0,0,0,0,0,0,0,0,0,0,0,0,0,0,0,0,0,0,0,0,0
DAC,0,0,0,0,0,0,0,0,0,0,0,0,0,0,0,0,0,0,0,0,0,0,0,0,0,0,0,0,0,0,0,0,0,0,0,0,0,0,0,0,0,0
DAD,0,0,0,0,0,0,0,0,0,0,0,0,0,0,0,0,0,0,0,0,0,0,0,0,0,0,0,0,0,0,0,0,0,0,0,0,0,0,0,0,0,0
DAE,0,0,0,0,0,0,0,0,0,0,0,0,0,0,0,0,0,0,0,0,0,0,0,0,0,0,0,0,0,0,0,0,0,0,0,0,0,0,0,0,0,0
DAF,0,0,0,0,0,0,0,0,0,0,0,0,0,0,0,0,0,0,0,0,0,0,0,0,0,0,0,0,0,0,0,0,0,0,0,0,0,0,0,0,0,0
DAG,0,0,0,0,0,0,0,0,0,0,0,0,0,0,0,0,0,0,0,0,0,0,0,0,0,0,0,0,0,0,0,0,0,0,0,0,0,0,0,0,0,0
DAH,0,0,0,0,0,0,0,0,0,0,0,0,0,0,0,0,0,0,0,0,0,0,0,0,0,0,0,0,0,0,0,0,0,0,0,0,0,0,0,0,0,0
DAM,0,0,0,0,0,0,0,0
DAU,0
DBA,2700,800,-6
DBB,6800,800,-3
DBC,700,200,-1
DBD,700,200,-1
DBE,700,200,-1
DBF,700,200,-1
DBG,700,200,-1
DBH,700,200,-1
DCA,0,0,0,0,0,0,0,0,0,0,0,0,0,0,0,0,0,0,0,0,0,0,0,0,0,0,0,0,0,0,0,0,0,0,0,0,0,0,0,0,0,0
DCB,0,0,0,0,0,0,0,0,0,0,0,0,0,0,0,0,0,0,0,0,0,0,0,0,0,0,0,0,0,0,0,0,0,0,0,0,0,0,0,0,0,0
DCC,0,0,0,0,0,0,0,0,0,0,0,0,0,0,0,0,0,0,0,0,0,0,0,0,0,0,0,0,0,0,0,0,0,0,0,0,0,0,0,0,0,0
DCD,0,0,0,0,0,0,0,0,0,0,0,0,0,0,0,0,0,0,0,0,0,0,0,0,0,0,0,0,0,0,0,0,0,0,0,0,0,0,0,0,0,0
DCE,0,0,0,0,0,0,0,0,0,0,0,0,0,0,0,0,0,0,0,0,0,0,0,0,0,0,0,0,0,0,0,0,0,0,0,0,0,0,0,0,0,0
DCF,0,0,0,0,0,0,0,0,0,0,0,0,0,0,0,0,0,0,0,0,0,0,0,0,0,0,0,0,0,0,0,0,0,0,0,0,0,0,0,0,0,0
DCG,0,0,0,0,0,0,0,0,0,0,0,0,0,0,0,0,0,0,0,0,0,0,0,0,0,0,0,0,0,0,0,0,0,0,0,0,0,0,0,0,0,0
DCH,0,0,0,0,0,0,0,0,0,0,0,0,0,0,0,0,0,0,0,0,0,0,0,0,0,0,0,0,0,0,0,0,0,0,0,0,0,0,0,0,0,0
DCM,0,0,0,0,0,0,0,0
DCU,0
DDA,700,200,-1
DDB,700,200,-1
DDC,700,200,-1
DDD,700,200,-1
DDE,700,200,-1
DDF,700,200,-1
DDG,700,200,-1
DDH,700,200,-1
